DATE[day/month/year hour:min],t[days],JDfrom0,JD,Qtot[m3/s],Vsup/Dt[m3/s],Vsub/Dt[m3/s],Vchannel[m3],Qoutlandsup[m3/s],Qoutlandsub[m3/s],Qoutbottom[m3/s]
01/01/2010 12:30,0.020833,734139.520833,0.520833,0.000000e+00,0.000000e+00,0.000000e+00,0.000000e+00,0.000000e+00,0.000000e+00,0.000000e+00
01/01/2010 13:00,0.041667,734139.541667,0.541667,0.000000e+00,0.000000e+00,0.000000e+00,0.000000e+00,0.000000e+00,0.000000e+00,0.000000e+00
01/01/2010 13:30,0.062500,734139.562500,0.562500,0.000000e+00,0.000000e+00,0.000000e+00,0.000000e+00,0.000000e+00,0.000000e+00,0.000000e+00
01/01/2010 14:00,0.083333,734139.583333,0.583333,0.000000e+00,0.000000e+00,0.000000e+00,0.000000e+00,0.000000e+00,0.000000e+00,0.000000e+00
01/01/2010 14:30,0.104167,734139.604167,0.604167,0.000000e+00,0.000000e+00,0.000000e+00,0.000000e+00,0.000000e+00,0.000000e+00,0.000000e+00
01/01/2010 15:00,0.125000,734139.625000,0.625000,0.000000e+00,0.000000e+00,0.000000e+00,0.000000e+00,0.000000e+00,0.000000e+00,0.000000e+00
01/01/2010 15:30,0.145833,734139.645833,0.645833,0.000000e+00,0.000000e+00,0.000000e+00,0.000000e+00,0.000000e+00,0.000000e+00,0.000000e+00
01/01/2010 16:00,0.166667,734139.666667,0.666667,0.000000e+00,0.000000e+00,0.000000e+00,0.000000e+00,0.000000e+00,0.000000e+00,0.000000e+00
01/01/2010 16:30,0.187500,734139.687500,0.687500,0.000000e+00,0.000000e+00,0.000000e+00,0.000000e+00,0.000000e+00,0.000000e+00,0.000000e+00
01/01/2010 17:00,0.208333,734139.708333,0.708333,0.000000e+00,0.000000e+00,0.000000e+00,0.000000e+00,0.000000e+00,0.000000e+00,0.000000e+00
01/01/2010 17:30,0.229167,734139.729167,0.729167,0.000000e+00,0.000000e+00,0.000000e+00,0.000000e+00,0.000000e+00,0.000000e+00,0.000000e+00
01/01/2010 18:00,0.250000,734139.750000,0.750000,0.000000e+00,0.000000e+00,0.000000e+00,0.000000e+00,0.000000e+00,0.000000e+00,0.000000e+00
01/01/2010 18:30,0.270833,734139.770833,0.770833,0.000000e+00,0.000000e+00,0.000000e+00,0.000000e+00,0.000000e+00,0.000000e+00,0.000000e+00
01/01/2010 19:00,0.291667,734139.791667,0.791667,0.000000e+00,0.000000e+00,0.000000e+00,0.000000e+00,0.000000e+00,0.000000e+00,0.000000e+00
01/01/2010 19:30,0.312500,734139.812500,0.812500,0.000000e+00,0.000000e+00,0.000000e+00,0.000000e+00,0.000000e+00,0.000000e+00,0.000000e+00
01/01/2010 20:00,0.333333,734139.833333,0.833333,0.000000e+00,0.000000e+00,0.000000e+00,0.000000e+00,0.000000e+00,0.000000e+00,0.000000e+00
01/01/2010 20:30,0.354167,734139.854167,0.854167,0.000000e+00,0.000000e+00,0.000000e+00,0.000000e+00,0.000000e+00,0.000000e+00,0.000000e+00
01/01/2010 21:00,0.375000,734139.875000,0.875000,0.000000e+00,0.000000e+00,0.000000e+00,0.000000e+00,0.000000e+00,0.000000e+00,0.000000e+00
01/01/2010 21:30,0.395833,734139.895833,0.895833,0.000000e+00,0.000000e+00,0.000000e+00,0.000000e+00,0.000000e+00,0.000000e+00,0.000000e+00
01/01/2010 22:00,0.416667,734139.916667,0.916667,0.000000e+00,0.000000e+00,0.000000e+00,0.000000e+00,0.000000e+00,0.000000e+00,0.000000e+00
01/01/2010 22:30,0.437500,734139.937500,0.937500,0.000000e+00,0.000000e+00,0.000000e+00,0.000000e+00,0.000000e+00,0.000000e+00,0.000000e+00
01/01/2010 23:00,0.458333,734139.958333,0.958333,0.000000e+00,0.000000e+00,0.000000e+00,0.000000e+00,0.000000e+00,0.000000e+00,0.000000e+00
01/01/2010 23:30,0.479167,734139.979167,0.979167,0.000000e+00,0.000000e+00,0.000000e+00,0.000000e+00,0.000000e+00,0.000000e+00,0.000000e+00
02/01/2010 00:00,0.500000,734140.000000,1.000000,0.000000e+00,0.000000e+00,0.000000e+00,0.000000e+00,0.000000e+00,0.000000e+00,0.000000e+00
02/01/2010 00:30,0.520833,734140.020833,1.020833,0.000000e+00,0.000000e+00,0.000000e+00,0.000000e+00,0.000000e+00,0.000000e+00,0.000000e+00
02/01/2010 01:00,0.541667,734140.041667,1.041667,0.000000e+00,0.000000e+00,0.000000e+00,0.000000e+00,0.000000e+00,0.000000e+00,0.000000e+00
02/01/2010 01:30,0.562500,734140.062500,1.062500,0.000000e+00,0.000000e+00,0.000000e+00,0.000000e+00,0.000000e+00,0.000000e+00,0.000000e+00
02/01/2010 02:00,0.583333,734140.083333,1.083333,0.000000e+00,0.000000e+00,0.000000e+00,0.000000e+00,0.000000e+00,0.000000e+00,0.000000e+00
02/01/2010 02:30,0.604167,734140.104167,1.104167,0.000000e+00,0.000000e+00,0.000000e+00,0.000000e+00,0.000000e+00,0.000000e+00,0.000000e+00
02/01/2010 03:00,0.625000,734140.125000,1.125000,0.000000e+00,0.000000e+00,0.000000e+00,0.000000e+00,0.000000e+00,0.000000e+00,0.000000e+00
02/01/2010 03:30,0.645833,734140.145833,1.145833,0.000000e+00,0.000000e+00,0.000000e+00,0.000000e+00,0.000000e+00,0.000000e+00,0.000000e+00
02/01/2010 04:00,0.666667,734140.166667,1.166667,0.000000e+00,0.000000e+00,0.000000e+00,0.000000e+00,0.000000e+00,0.000000e+00,0.000000e+00
02/01/2010 04:30,0.687500,734140.187500,1.187500,0.000000e+00,0.000000e+00,0.000000e+00,0.000000e+00,0.000000e+00,0.000000e+00,0.000000e+00
02/01/2010 05:00,0.708333,734140.208333,1.208333,0.000000e+00,0.000000e+00,0.000000e+00,0.000000e+00,0.000000e+00,0.000000e+00,0.000000e+00
02/01/2010 05:30,0.729167,734140.229167,1.229167,0.000000e+00,0.000000e+00,0.000000e+00,0.000000e+00,0.000000e+00,0.000000e+00,0.000000e+00
02/01/2010 06:00,0.750000,734140.250000,1.250000,0.000000e+00,0.000000e+00,0.000000e+00,0.000000e+00,0.000000e+00,0.000000e+00,0.000000e+00
02/01/2010 06:30,0.770833,734140.270833,1.270833,0.000000e+00,0.000000e+00,0.000000e+00,0.000000e+00,0.000000e+00,0.000000e+00,0.000000e+00
02/01/2010 07:00,0.791667,734140.291667,1.291667,0.000000e+00,0.000000e+00,0.000000e+00,0.000000e+00,0.000000e+00,0.000000e+00,0.000000e+00
02/01/2010 07:30,0.812500,734140.312500,1.312500,0.000000e+00,0.000000e+00,0.000000e+00,0.000000e+00,0.000000e+00,0.000000e+00,0.000000e+00
02/01/2010 08:00,0.833333,734140.333333,1.333333,0.000000e+00,0.000000e+00,0.000000e+00,0.000000e+00,0.000000e+00,0.000000e+00,0.000000e+00
02/01/2010 08:30,0.854167,734140.354167,1.354167,0.000000e+00,0.000000e+00,0.000000e+00,0.000000e+00,0.000000e+00,0.000000e+00,0.000000e+00
02/01/2010 09:00,0.875000,734140.375000,1.375000,0.000000e+00,0.000000e+00,0.000000e+00,0.000000e+00,0.000000e+00,0.000000e+00,0.000000e+00
02/01/2010 09:30,0.895833,734140.395833,1.395833,0.000000e+00,0.000000e+00,0.000000e+00,0.000000e+00,0.000000e+00,0.000000e+00,0.000000e+00
02/01/2010 10:00,0.916667,734140.416667,1.416667,0.000000e+00,0.000000e+00,0.000000e+00,0.000000e+00,0.000000e+00,0.000000e+00,0.000000e+00
02/01/2010 10:30,0.937500,734140.437500,1.437500,0.000000e+00,0.000000e+00,0.000000e+00,0.000000e+00,0.000000e+00,0.000000e+00,0.000000e+00
02/01/2010 11:00,0.958333,734140.458333,1.458333,0.000000e+00,0.000000e+00,0.000000e+00,0.000000e+00,0.000000e+00,0.000000e+00,0.000000e+00
02/01/2010 11:30,0.979167,734140.479167,1.479167,0.000000e+00,0.000000e+00,0.000000e+00,0.000000e+00,0.000000e+00,0.000000e+00,0.000000e+00
02/01/2010 12:00,1.000000,734140.500000,1.500000,0.000000e+00,0.000000e+00,0.000000e+00,0.000000e+00,0.000000e+00,0.000000e+00,0.000000e+00
02/01/2010 12:30,1.020833,734140.520833,1.520833,0.000000e+00,0.000000e+00,0.000000e+00,0.000000e+00,0.000000e+00,0.000000e+00,0.000000e+00
02/01/2010 13:00,1.041667,734140.541667,1.541667,0.000000e+00,0.000000e+00,0.000000e+00,0.000000e+00,0.000000e+00,0.000000e+00,0.000000e+00
02/01/2010 13:30,1.062500,734140.562500,1.562500,0.000000e+00,0.000000e+00,0.000000e+00,0.000000e+00,0.000000e+00,0.000000e+00,0.000000e+00
02/01/2010 14:00,1.083333,734140.583333,1.583333,0.000000e+00,0.000000e+00,0.000000e+00,0.000000e+00,0.000000e+00,0.000000e+00,0.000000e+00
02/01/2010 14:30,1.104167,734140.604167,1.604167,0.000000e+00,0.000000e+00,0.000000e+00,0.000000e+00,0.000000e+00,0.000000e+00,0.000000e+00
02/01/2010 15:00,1.125000,734140.625000,1.625000,0.000000e+00,0.000000e+00,0.000000e+00,0.000000e+00,0.000000e+00,0.000000e+00,0.000000e+00
02/01/2010 15:30,1.145833,734140.645833,1.645833,0.000000e+00,0.000000e+00,0.000000e+00,0.000000e+00,0.000000e+00,0.000000e+00,0.000000e+00
02/01/2010 16:00,1.166667,734140.666667,1.666667,0.000000e+00,0.000000e+00,0.000000e+00,0.000000e+00,0.000000e+00,0.000000e+00,0.000000e+00
02/01/2010 16:30,1.187500,734140.687500,1.687500,0.000000e+00,0.000000e+00,0.000000e+00,0.000000e+00,0.000000e+00,0.000000e+00,0.000000e+00
02/01/2010 17:00,1.208333,734140.708333,1.708333,0.000000e+00,0.000000e+00,0.000000e+00,0.000000e+00,0.000000e+00,0.000000e+00,0.000000e+00
02/01/2010 17:30,1.229167,734140.729167,1.729167,0.000000e+00,0.000000e+00,0.000000e+00,0.000000e+00,0.000000e+00,0.000000e+00,0.000000e+00
02/01/2010 18:00,1.250000,734140.750000,1.750000,0.000000e+00,0.000000e+00,0.000000e+00,0.000000e+00,0.000000e+00,0.000000e+00,0.000000e+00
02/01/2010 18:30,1.270833,734140.770833,1.770833,0.000000e+00,0.000000e+00,0.000000e+00,0.000000e+00,0.000000e+00,0.000000e+00,0.000000e+00
02/01/2010 19:00,1.291667,734140.791667,1.791667,0.000000e+00,0.000000e+00,0.000000e+00,0.000000e+00,0.000000e+00,0.000000e+00,0.000000e+00
02/01/2010 19:30,1.312500,734140.812500,1.812500,0.000000e+00,0.000000e+00,0.000000e+00,0.000000e+00,0.000000e+00,0.000000e+00,0.000000e+00
02/01/2010 20:00,1.333333,734140.833333,1.833333,0.000000e+00,0.000000e+00,0.000000e+00,0.000000e+00,0.000000e+00,0.000000e+00,0.000000e+00
02/01/2010 20:30,1.354167,734140.854167,1.854167,0.000000e+00,0.000000e+00,0.000000e+00,0.000000e+00,0.000000e+00,0.000000e+00,0.000000e+00
02/01/2010 21:00,1.375000,734140.875000,1.875000,0.000000e+00,0.000000e+00,0.000000e+00,0.000000e+00,0.000000e+00,0.000000e+00,0.000000e+00
02/01/2010 21:30,1.395833,734140.895833,1.895833,0.000000e+00,0.000000e+00,0.000000e+00,0.000000e+00,0.000000e+00,0.000000e+00,0.000000e+00
02/01/2010 22:00,1.416667,734140.916667,1.916667,0.000000e+00,0.000000e+00,0.000000e+00,0.000000e+00,0.000000e+00,0.000000e+00,0.000000e+00
02/01/2010 22:30,1.437500,734140.937500,1.937500,0.000000e+00,0.000000e+00,0.000000e+00,0.000000e+00,0.000000e+00,0.000000e+00,0.000000e+00
02/01/2010 23:00,1.458333,734140.958333,1.958333,0.000000e+00,0.000000e+00,0.000000e+00,0.000000e+00,0.000000e+00,0.000000e+00,0.000000e+00
02/01/2010 23:30,1.479167,734140.979167,1.979167,0.000000e+00,0.000000e+00,0.000000e+00,0.000000e+00,0.000000e+00,0.000000e+00,0.000000e+00
03/01/2010 00:00,1.500000,734141.000000,2.000000,0.000000e+00,0.000000e+00,0.000000e+00,0.000000e+00,0.000000e+00,0.000000e+00,0.000000e+00
03/01/2010 00:30,1.520833,734141.020833,2.020833,0.000000e+00,0.000000e+00,0.000000e+00,0.000000e+00,0.000000e+00,0.000000e+00,0.000000e+00
03/01/2010 01:00,1.541667,734141.041667,2.041667,0.000000e+00,0.000000e+00,0.000000e+00,0.000000e+00,0.000000e+00,0.000000e+00,0.000000e+00
03/01/2010 01:30,1.562500,734141.062500,2.062500,0.000000e+00,0.000000e+00,0.000000e+00,0.000000e+00,0.000000e+00,0.000000e+00,0.000000e+00
03/01/2010 02:00,1.583333,734141.083333,2.083333,0.000000e+00,0.000000e+00,0.000000e+00,0.000000e+00,0.000000e+00,0.000000e+00,0.000000e+00
03/01/2010 02:30,1.604167,734141.104167,2.104167,0.000000e+00,0.000000e+00,0.000000e+00,0.000000e+00,0.000000e+00,0.000000e+00,0.000000e+00
03/01/2010 03:00,1.625000,734141.125000,2.125000,0.000000e+00,0.000000e+00,0.000000e+00,0.000000e+00,0.000000e+00,0.000000e+00,0.000000e+00
03/01/2010 03:30,1.645833,734141.145833,2.145833,0.000000e+00,0.000000e+00,0.000000e+00,0.000000e+00,0.000000e+00,0.000000e+00,0.000000e+00
03/01/2010 04:00,1.666667,734141.166667,2.166667,0.000000e+00,0.000000e+00,0.000000e+00,0.000000e+00,0.000000e+00,0.000000e+00,0.000000e+00
03/01/2010 04:30,1.687500,734141.187500,2.187500,0.000000e+00,0.000000e+00,0.000000e+00,0.000000e+00,0.000000e+00,0.000000e+00,0.000000e+00
03/01/2010 05:00,1.708333,734141.208333,2.208333,0.000000e+00,0.000000e+00,0.000000e+00,0.000000e+00,0.000000e+00,0.000000e+00,0.000000e+00
03/01/2010 05:30,1.729167,734141.229167,2.229167,0.000000e+00,0.000000e+00,0.000000e+00,0.000000e+00,0.000000e+00,0.000000e+00,0.000000e+00
03/01/2010 06:00,1.750000,734141.250000,2.250000,0.000000e+00,0.000000e+00,0.000000e+00,0.000000e+00,0.000000e+00,0.000000e+00,0.000000e+00
03/01/2010 06:30,1.770833,734141.270833,2.270833,0.000000e+00,0.000000e+00,0.000000e+00,0.000000e+00,0.000000e+00,0.000000e+00,0.000000e+00
03/01/2010 07:00,1.791667,734141.291667,2.291667,0.000000e+00,0.000000e+00,0.000000e+00,0.000000e+00,0.000000e+00,0.000000e+00,0.000000e+00
03/01/2010 07:30,1.812500,734141.312500,2.312500,0.000000e+00,0.000000e+00,0.000000e+00,0.000000e+00,0.000000e+00,0.000000e+00,0.000000e+00
03/01/2010 08:00,1.833333,734141.333333,2.333333,0.000000e+00,0.000000e+00,0.000000e+00,0.000000e+00,0.000000e+00,0.000000e+00,0.000000e+00
03/01/2010 08:30,1.854167,734141.354167,2.354167,0.000000e+00,0.000000e+00,0.000000e+00,0.000000e+00,0.000000e+00,0.000000e+00,0.000000e+00
03/01/2010 09:00,1.875000,734141.375000,2.375000,0.000000e+00,0.000000e+00,0.000000e+00,0.000000e+00,0.000000e+00,0.000000e+00,0.000000e+00
03/01/2010 09:30,1.895833,734141.395833,2.395833,0.000000e+00,0.000000e+00,0.000000e+00,0.000000e+00,0.000000e+00,0.000000e+00,0.000000e+00
03/01/2010 10:00,1.916667,734141.416667,2.416667,0.000000e+00,0.000000e+00,0.000000e+00,0.000000e+00,0.000000e+00,0.000000e+00,0.000000e+00
03/01/2010 10:30,1.937500,734141.437500,2.437500,0.000000e+00,0.000000e+00,0.000000e+00,0.000000e+00,0.000000e+00,0.000000e+00,0.000000e+00
03/01/2010 11:00,1.958333,734141.458333,2.458333,0.000000e+00,0.000000e+00,0.000000e+00,0.000000e+00,0.000000e+00,0.000000e+00,0.000000e+00
03/01/2010 11:30,1.979167,734141.479167,2.479167,0.000000e+00,0.000000e+00,0.000000e+00,0.000000e+00,0.000000e+00,0.000000e+00,0.000000e+00
03/01/2010 12:00,2.000000,734141.500000,2.500000,0.000000e+00,0.000000e+00,0.000000e+00,0.000000e+00,0.000000e+00,0.000000e+00,0.000000e+00
03/01/2010 12:30,2.020833,734141.520833,2.520833,0.000000e+00,0.000000e+00,0.000000e+00,0.000000e+00,0.000000e+00,0.000000e+00,0.000000e+00
03/01/2010 13:00,2.041667,734141.541667,2.541667,0.000000e+00,0.000000e+00,0.000000e+00,0.000000e+00,0.000000e+00,0.000000e+00,0.000000e+00
03/01/2010 13:30,2.062500,734141.562500,2.562500,0.000000e+00,0.000000e+00,0.000000e+00,0.000000e+00,0.000000e+00,0.000000e+00,0.000000e+00
03/01/2010 14:00,2.083333,734141.583333,2.583333,0.000000e+00,0.000000e+00,0.000000e+00,0.000000e+00,0.000000e+00,0.000000e+00,0.000000e+00
03/01/2010 14:30,2.104167,734141.604167,2.604167,0.000000e+00,0.000000e+00,0.000000e+00,0.000000e+00,0.000000e+00,0.000000e+00,0.000000e+00
03/01/2010 15:00,2.125000,734141.625000,2.625000,0.000000e+00,0.000000e+00,0.000000e+00,0.000000e+00,0.000000e+00,0.000000e+00,0.000000e+00
03/01/2010 15:30,2.145833,734141.645833,2.645833,0.000000e+00,0.000000e+00,0.000000e+00,0.000000e+00,0.000000e+00,0.000000e+00,0.000000e+00
03/01/2010 16:00,2.166667,734141.666667,2.666667,0.000000e+00,0.000000e+00,0.000000e+00,0.000000e+00,0.000000e+00,0.000000e+00,0.000000e+00
03/01/2010 16:30,2.187500,734141.687500,2.687500,0.000000e+00,0.000000e+00,0.000000e+00,0.000000e+00,0.000000e+00,0.000000e+00,0.000000e+00
03/01/2010 17:00,2.208333,734141.708333,2.708333,0.000000e+00,0.000000e+00,0.000000e+00,0.000000e+00,0.000000e+00,0.000000e+00,0.000000e+00
03/01/2010 17:30,2.229167,734141.729167,2.729167,0.000000e+00,0.000000e+00,0.000000e+00,0.000000e+00,0.000000e+00,0.000000e+00,0.000000e+00
03/01/2010 18:00,2.250000,734141.750000,2.750000,0.000000e+00,0.000000e+00,0.000000e+00,0.000000e+00,0.000000e+00,0.000000e+00,0.000000e+00
03/01/2010 18:30,2.270833,734141.770833,2.770833,0.000000e+00,0.000000e+00,0.000000e+00,0.000000e+00,0.000000e+00,0.000000e+00,0.000000e+00
03/01/2010 19:00,2.291667,734141.791667,2.791667,0.000000e+00,0.000000e+00,0.000000e+00,0.000000e+00,0.000000e+00,0.000000e+00,0.000000e+00
03/01/2010 19:30,2.312500,734141.812500,2.812500,0.000000e+00,0.000000e+00,0.000000e+00,0.000000e+00,0.000000e+00,0.000000e+00,0.000000e+00
03/01/2010 20:00,2.333333,734141.833333,2.833333,0.000000e+00,0.000000e+00,0.000000e+00,0.000000e+00,0.000000e+00,0.000000e+00,0.000000e+00
03/01/2010 20:30,2.354167,734141.854167,2.854167,0.000000e+00,0.000000e+00,0.000000e+00,0.000000e+00,0.000000e+00,0.000000e+00,0.000000e+00
03/01/2010 21:00,2.375000,734141.875000,2.875000,0.000000e+00,0.000000e+00,0.000000e+00,0.000000e+00,0.000000e+00,0.000000e+00,0.000000e+00
03/01/2010 21:30,2.395833,734141.895833,2.895833,0.000000e+00,0.000000e+00,0.000000e+00,0.000000e+00,0.000000e+00,0.000000e+00,0.000000e+00
03/01/2010 22:00,2.416667,734141.916667,2.916667,0.000000e+00,0.000000e+00,0.000000e+00,0.000000e+00,0.000000e+00,0.000000e+00,0.000000e+00
03/01/2010 22:30,2.437500,734141.937500,2.937500,0.000000e+00,0.000000e+00,0.000000e+00,0.000000e+00,0.000000e+00,0.000000e+00,0.000000e+00
03/01/2010 23:00,2.458333,734141.958333,2.958333,0.000000e+00,0.000000e+00,0.000000e+00,0.000000e+00,0.000000e+00,0.000000e+00,0.000000e+00
03/01/2010 23:30,2.479167,734141.979167,2.979167,0.000000e+00,0.000000e+00,0.000000e+00,0.000000e+00,0.000000e+00,0.000000e+00,0.000000e+00
04/01/2010 00:00,2.500000,734142.000000,3.000000,0.000000e+00,0.000000e+00,0.000000e+00,0.000000e+00,0.000000e+00,0.000000e+00,0.000000e+00
04/01/2010 00:30,2.520833,734142.020833,3.020833,0.000000e+00,0.000000e+00,0.000000e+00,0.000000e+00,0.000000e+00,0.000000e+00,0.000000e+00
04/01/2010 01:00,2.541667,734142.041667,3.041667,0.000000e+00,0.000000e+00,0.000000e+00,0.000000e+00,0.000000e+00,0.000000e+00,0.000000e+00
04/01/2010 01:30,2.562500,734142.062500,3.062500,0.000000e+00,0.000000e+00,0.000000e+00,0.000000e+00,0.000000e+00,0.000000e+00,0.000000e+00
04/01/2010 02:00,2.583333,734142.083333,3.083333,0.000000e+00,0.000000e+00,0.000000e+00,0.000000e+00,0.000000e+00,0.000000e+00,0.000000e+00
04/01/2010 02:30,2.604167,734142.104167,3.104167,0.000000e+00,0.000000e+00,0.000000e+00,0.000000e+00,0.000000e+00,0.000000e+00,0.000000e+00
04/01/2010 03:00,2.625000,734142.125000,3.125000,0.000000e+00,0.000000e+00,0.000000e+00,0.000000e+00,0.000000e+00,0.000000e+00,0.000000e+00
04/01/2010 03:30,2.645833,734142.145833,3.145833,0.000000e+00,0.000000e+00,0.000000e+00,0.000000e+00,0.000000e+00,0.000000e+00,0.000000e+00
04/01/2010 04:00,2.666667,734142.166667,3.166667,0.000000e+00,0.000000e+00,0.000000e+00,0.000000e+00,0.000000e+00,0.000000e+00,0.000000e+00
04/01/2010 04:30,2.687500,734142.187500,3.187500,0.000000e+00,0.000000e+00,0.000000e+00,0.000000e+00,0.000000e+00,0.000000e+00,0.000000e+00
04/01/2010 05:00,2.708333,734142.208333,3.208333,0.000000e+00,0.000000e+00,0.000000e+00,0.000000e+00,0.000000e+00,0.000000e+00,0.000000e+00
04/01/2010 05:30,2.729167,734142.229167,3.229167,0.000000e+00,0.000000e+00,0.000000e+00,0.000000e+00,0.000000e+00,0.000000e+00,0.000000e+00
04/01/2010 06:00,2.750000,734142.250000,3.250000,0.000000e+00,0.000000e+00,0.000000e+00,0.000000e+00,0.000000e+00,0.000000e+00,0.000000e+00
04/01/2010 06:30,2.770833,734142.270833,3.270833,0.000000e+00,0.000000e+00,0.000000e+00,0.000000e+00,0.000000e+00,0.000000e+00,0.000000e+00
04/01/2010 07:00,2.791667,734142.291667,3.291667,0.000000e+00,0.000000e+00,0.000000e+00,0.000000e+00,0.000000e+00,0.000000e+00,0.000000e+00
04/01/2010 07:30,2.812500,734142.312500,3.312500,0.000000e+00,0.000000e+00,0.000000e+00,0.000000e+00,0.000000e+00,0.000000e+00,0.000000e+00
04/01/2010 08:00,2.833333,734142.333333,3.333333,0.000000e+00,0.000000e+00,0.000000e+00,0.000000e+00,0.000000e+00,0.000000e+00,0.000000e+00
04/01/2010 08:30,2.854167,734142.354167,3.354167,0.000000e+00,0.000000e+00,0.000000e+00,0.000000e+00,0.000000e+00,0.000000e+00,0.000000e+00
04/01/2010 09:00,2.875000,734142.375000,3.375000,0.000000e+00,0.000000e+00,0.000000e+00,0.000000e+00,0.000000e+00,0.000000e+00,0.000000e+00
04/01/2010 09:30,2.895833,734142.395833,3.395833,0.000000e+00,0.000000e+00,0.000000e+00,0.000000e+00,0.000000e+00,0.000000e+00,0.000000e+00
04/01/2010 10:00,2.916667,734142.416667,3.416667,0.000000e+00,0.000000e+00,0.000000e+00,0.000000e+00,0.000000e+00,0.000000e+00,0.000000e+00
04/01/2010 10:30,2.937500,734142.437500,3.437500,0.000000e+00,0.000000e+00,0.000000e+00,0.000000e+00,0.000000e+00,0.000000e+00,0.000000e+00
04/01/2010 11:00,2.958333,734142.458333,3.458333,0.000000e+00,0.000000e+00,0.000000e+00,0.000000e+00,0.000000e+00,0.000000e+00,0.000000e+00
04/01/2010 11:30,2.979167,734142.479167,3.479167,0.000000e+00,0.000000e+00,0.000000e+00,0.000000e+00,0.000000e+00,0.000000e+00,0.000000e+00
04/01/2010 12:00,3.000000,734142.500000,3.500000,0.000000e+00,0.000000e+00,0.000000e+00,0.000000e+00,0.000000e+00,0.000000e+00,0.000000e+00
04/01/2010 12:30,3.020833,734142.520833,3.520833,0.000000e+00,0.000000e+00,0.000000e+00,0.000000e+00,0.000000e+00,0.000000e+00,0.000000e+00
04/01/2010 13:00,3.041667,734142.541667,3.541667,0.000000e+00,0.000000e+00,0.000000e+00,0.000000e+00,0.000000e+00,0.000000e+00,0.000000e+00
04/01/2010 13:30,3.062500,734142.562500,3.562500,0.000000e+00,0.000000e+00,0.000000e+00,0.000000e+00,0.000000e+00,0.000000e+00,0.000000e+00
04/01/2010 14:00,3.083333,734142.583333,3.583333,0.000000e+00,0.000000e+00,0.000000e+00,0.000000e+00,0.000000e+00,0.000000e+00,0.000000e+00
04/01/2010 14:30,3.104167,734142.604167,3.604167,0.000000e+00,0.000000e+00,0.000000e+00,0.000000e+00,0.000000e+00,0.000000e+00,0.000000e+00
04/01/2010 15:00,3.125000,734142.625000,3.625000,0.000000e+00,0.000000e+00,0.000000e+00,0.000000e+00,0.000000e+00,0.000000e+00,0.000000e+00
04/01/2010 15:30,3.145833,734142.645833,3.645833,0.000000e+00,0.000000e+00,0.000000e+00,0.000000e+00,0.000000e+00,0.000000e+00,0.000000e+00
04/01/2010 16:00,3.166667,734142.666667,3.666667,0.000000e+00,0.000000e+00,0.000000e+00,0.000000e+00,0.000000e+00,0.000000e+00,0.000000e+00
04/01/2010 16:30,3.187500,734142.687500,3.687500,0.000000e+00,0.000000e+00,0.000000e+00,0.000000e+00,0.000000e+00,0.000000e+00,0.000000e+00
04/01/2010 17:00,3.208333,734142.708333,3.708333,0.000000e+00,0.000000e+00,0.000000e+00,0.000000e+00,0.000000e+00,0.000000e+00,0.000000e+00
04/01/2010 17:30,3.229167,734142.729167,3.729167,0.000000e+00,0.000000e+00,0.000000e+00,0.000000e+00,0.000000e+00,0.000000e+00,0.000000e+00
04/01/2010 18:00,3.250000,734142.750000,3.750000,0.000000e+00,0.000000e+00,0.000000e+00,0.000000e+00,0.000000e+00,0.000000e+00,0.000000e+00
04/01/2010 18:30,3.270833,734142.770833,3.770833,0.000000e+00,0.000000e+00,0.000000e+00,0.000000e+00,0.000000e+00,0.000000e+00,0.000000e+00
04/01/2010 19:00,3.291667,734142.791667,3.791667,0.000000e+00,0.000000e+00,0.000000e+00,0.000000e+00,0.000000e+00,0.000000e+00,0.000000e+00
04/01/2010 19:30,3.312500,734142.812500,3.812500,0.000000e+00,0.000000e+00,0.000000e+00,0.000000e+00,0.000000e+00,0.000000e+00,0.000000e+00
04/01/2010 20:00,3.333333,734142.833333,3.833333,0.000000e+00,0.000000e+00,0.000000e+00,0.000000e+00,0.000000e+00,0.000000e+00,0.000000e+00
04/01/2010 20:30,3.354167,734142.854167,3.854167,0.000000e+00,0.000000e+00,0.000000e+00,0.000000e+00,0.000000e+00,0.000000e+00,0.000000e+00
04/01/2010 21:00,3.375000,734142.875000,3.875000,0.000000e+00,0.000000e+00,0.000000e+00,0.000000e+00,0.000000e+00,0.000000e+00,0.000000e+00
04/01/2010 21:30,3.395833,734142.895833,3.895833,0.000000e+00,0.000000e+00,0.000000e+00,0.000000e+00,0.000000e+00,0.000000e+00,0.000000e+00
04/01/2010 22:00,3.416667,734142.916667,3.916667,0.000000e+00,0.000000e+00,0.000000e+00,0.000000e+00,0.000000e+00,0.000000e+00,0.000000e+00
04/01/2010 22:30,3.437500,734142.937500,3.937500,0.000000e+00,0.000000e+00,0.000000e+00,0.000000e+00,0.000000e+00,0.000000e+00,0.000000e+00
04/01/2010 23:00,3.458333,734142.958333,3.958333,0.000000e+00,0.000000e+00,0.000000e+00,0.000000e+00,0.000000e+00,0.000000e+00,0.000000e+00
04/01/2010 23:30,3.479167,734142.979167,3.979167,0.000000e+00,0.000000e+00,0.000000e+00,0.000000e+00,0.000000e+00,0.000000e+00,0.000000e+00
05/01/2010 00:00,3.500000,734143.000000,4.000000,0.000000e+00,0.000000e+00,0.000000e+00,0.000000e+00,0.000000e+00,0.000000e+00,0.000000e+00
05/01/2010 00:30,3.520833,734143.020833,4.020833,0.000000e+00,0.000000e+00,0.000000e+00,0.000000e+00,0.000000e+00,0.000000e+00,0.000000e+00
05/01/2010 01:00,3.541667,734143.041667,4.041667,0.000000e+00,0.000000e+00,0.000000e+00,0.000000e+00,0.000000e+00,0.000000e+00,0.000000e+00
05/01/2010 01:30,3.562500,734143.062500,4.062500,0.000000e+00,0.000000e+00,0.000000e+00,0.000000e+00,0.000000e+00,0.000000e+00,0.000000e+00
05/01/2010 02:00,3.583333,734143.083333,4.083333,0.000000e+00,0.000000e+00,0.000000e+00,0.000000e+00,0.000000e+00,0.000000e+00,0.000000e+00
05/01/2010 02:30,3.604167,734143.104167,4.104167,0.000000e+00,0.000000e+00,0.000000e+00,0.000000e+00,0.000000e+00,0.000000e+00,0.000000e+00
05/01/2010 03:00,3.625000,734143.125000,4.125000,0.000000e+00,0.000000e+00,0.000000e+00,0.000000e+00,0.000000e+00,0.000000e+00,0.000000e+00
05/01/2010 03:30,3.645833,734143.145833,4.145833,0.000000e+00,0.000000e+00,0.000000e+00,0.000000e+00,0.000000e+00,0.000000e+00,0.000000e+00
05/01/2010 04:00,3.666667,734143.166667,4.166667,0.000000e+00,0.000000e+00,0.000000e+00,0.000000e+00,0.000000e+00,0.000000e+00,0.000000e+00
05/01/2010 04:30,3.687500,734143.187500,4.187500,0.000000e+00,0.000000e+00,0.000000e+00,0.000000e+00,0.000000e+00,0.000000e+00,0.000000e+00
05/01/2010 05:00,3.708333,734143.208333,4.208333,0.000000e+00,0.000000e+00,0.000000e+00,0.000000e+00,0.000000e+00,0.000000e+00,0.000000e+00
05/01/2010 05:30,3.729167,734143.229167,4.229167,0.000000e+00,0.000000e+00,0.000000e+00,0.000000e+00,0.000000e+00,0.000000e+00,0.000000e+00
05/01/2010 06:00,3.750000,734143.250000,4.250000,0.000000e+00,0.000000e+00,0.000000e+00,0.000000e+00,0.000000e+00,0.000000e+00,0.000000e+00
05/01/2010 06:30,3.770833,734143.270833,4.270833,0.000000e+00,0.000000e+00,0.000000e+00,0.000000e+00,0.000000e+00,0.000000e+00,0.000000e+00
05/01/2010 07:00,3.791667,734143.291667,4.291667,0.000000e+00,0.000000e+00,0.000000e+00,0.000000e+00,0.000000e+00,0.000000e+00,0.000000e+00
05/01/2010 07:30,3.812500,734143.312500,4.312500,0.000000e+00,0.000000e+00,0.000000e+00,0.000000e+00,0.000000e+00,0.000000e+00,0.000000e+00
05/01/2010 08:00,3.833333,734143.333333,4.333333,0.000000e+00,0.000000e+00,0.000000e+00,0.000000e+00,0.000000e+00,0.000000e+00,0.000000e+00
05/01/2010 08:30,3.854167,734143.354167,4.354167,0.000000e+00,0.000000e+00,0.000000e+00,0.000000e+00,0.000000e+00,0.000000e+00,0.000000e+00
05/01/2010 09:00,3.875000,734143.375000,4.375000,0.000000e+00,0.000000e+00,0.000000e+00,0.000000e+00,0.000000e+00,0.000000e+00,0.000000e+00
05/01/2010 09:30,3.895833,734143.395833,4.395833,0.000000e+00,0.000000e+00,0.000000e+00,0.000000e+00,0.000000e+00,0.000000e+00,0.000000e+00
05/01/2010 10:00,3.916667,734143.416667,4.416667,0.000000e+00,0.000000e+00,0.000000e+00,0.000000e+00,0.000000e+00,0.000000e+00,0.000000e+00
05/01/2010 10:30,3.937500,734143.437500,4.437500,0.000000e+00,0.000000e+00,0.000000e+00,0.000000e+00,0.000000e+00,0.000000e+00,0.000000e+00
05/01/2010 11:00,3.958333,734143.458333,4.458333,0.000000e+00,0.000000e+00,0.000000e+00,0.000000e+00,0.000000e+00,0.000000e+00,0.000000e+00
05/01/2010 11:30,3.979167,734143.479167,4.479167,0.000000e+00,0.000000e+00,0.000000e+00,0.000000e+00,0.000000e+00,0.000000e+00,0.000000e+00
05/01/2010 12:00,4.000000,734143.500000,4.500000,0.000000e+00,0.000000e+00,0.000000e+00,0.000000e+00,0.000000e+00,0.000000e+00,0.000000e+00
